Rotation_1: 
  data: [-0.973, 0.230, 0.010, 0.062, 0.302, -0.951, -0.221, -0.925, -0.308]
Translation_1:
  data: [-0.226, 0.669, 4.235]
Rotation_2:
  data: [0.173, 0.985, 0.027, 0.318, -0.030, -0.948, -0.932, 0.172, -0.318]
Translation_2:
  data: [-0.726, 0.580, 3.787]
Rotation_3:
  data: [0.672, -0.741, -0.012, -0.164, -0.133, -0.977, 0.722, 0.659, -0.211]
Translation_3:
  data: [-0.757, 0.707, 4.796]
